coord_length: 1804.2935754194823
1.000000000	0.000000000
0.993967423	0.003321270
0.985668345	0.004367022
0.977366390	0.005389838
0.973214550	0.005894211
0.952451544	0.008384515
0.948299479	0.008887021
0.939999415	0.009924952
0.927572882	0.011658242
0.919314149	0.012984970
0.915193353	0.013699895
0.911077736	0.014444072
0.906966549	0.015212362
0.902858916	0.015999437
0.886444280	0.019229610
0.882339522	0.020031556
0.878232664	0.020822674
0.874123535	0.021601916
0.870012525	0.022371169
0.861788110	0.023896833
0.857676558	0.024663190
0.853566432	0.025437157
0.845351338	0.027012203
0.837142314	0.028618607
0.833039645	0.029431176
0.828938022	0.030249007
0.824837341	0.031071551
0.820737523	0.031898387
0.816638513	0.032729215
0.808442789	0.034402163
0.804346057	0.035244155
0.792060549	0.037792814
0.787967044	0.038650355
0.783874435	0.039512166
0.779782766	0.040378425
0.775692077	0.041249302
0.771602406	0.042124945
0.767513784	0.043005475
0.759339766	0.044781442
0.738922950	0.049304346
0.730762431	0.051141345
0.726683183	0.052064328
0.722604489	0.052989758
0.718526262	0.053917243
0.714448420	0.054846420
0.710370890	0.055776967
0.702216545	0.057641184
0.694062951	0.059508687
0.689986436	0.060443669
0.685910150	0.061379649
0.681834149	0.062316867
0.673683325	0.064196418
0.669608713	0.065139661
0.665534811	0.066085960
0.657389729	0.067990236
0.649249163	0.069913723
0.645180778	0.070883470
0.641113658	0.071858508
0.637047726	0.072838485
0.632982852	0.073822843
0.628918865	0.074810859
0.624855562	0.075801685
0.620792721	0.076794400
0.616730106	0.077788044
0.608604641	0.079774365
0.604541374	0.080765335
0.600477522	0.081753908
0.592347653	0.083722121
0.588281564	0.084701452
0.584214736	0.085677707
0.580147221	0.086651096
0.576079073	0.087621835
0.567940997	0.089555835
0.559800445	0.091479391
0.551656937	0.093390390
0.547583839	0.094340147
0.543509694	0.095285402
0.539434380	0.096225600
0.535357770	0.097160167
0.531279739	0.098088509
0.523118903	0.099924088
0.519035847	0.100830074
0.514950866	0.101727341
0.506774642	0.103493093
0.494492936	0.106059843
0.490394011	0.106891084
0.486292461	0.107709278
0.469859872	0.110846233
0.465745367	0.111596569
0.461628513	0.112333902
0.457509428	0.113058669
0.453388227	0.113771313
0.441012860	0.115839856
0.432753255	0.117161744
0.428620628	0.117804819
0.424486080	0.118435428
0.420349593	0.119053184
0.416211168	0.119657823
0.407928678	0.120827777
0.403784799	0.121393831
0.399639294	0.121947853
0.391343122	0.123016455
0.387191988	0.123526574
0.383038430	0.124016552
0.378882196	0.124483280
0.370561156	0.125336432
0.353886027	0.126675423
0.345535100	0.127154370
0.341357265	0.127348785
0.266087355	0.127695534
0.257729040	0.127370744
0.249377149	0.126908981
0.241032164	0.126335322
0.232694101	0.125668511
0.224364694	0.124901285
0.220204186	0.124474371
0.216047070	0.124015612
0.207744985	0.122994669
0.203601065	0.122429013
0.195330216	0.121180196
0.182974734	0.118998612
0.178871887	0.118187038
0.174777637	0.117333148
0.170692377	0.116437234
0.166616453	0.115499759
0.154447617	0.112444040
0.150411858	0.111346462
0.146386800	0.110210267
0.142372749	0.109035777
0.138370071	0.107823094
0.134379215	0.106572055
0.130400739	0.105282190
0.126435318	0.103952734
0.118546912	0.101170814
0.114625830	0.099715787
0.110721599	0.098216140
0.106835403	0.096670360
0.102968505	0.095076924
0.099122221	0.093434359
0.091496776	0.089996776
0.087720110	0.088199923
0.083968973	0.086350369
0.080244359	0.084447972
0.076547191	0.082492770
0.072878360	0.080484898
0.069238764	0.078424509
0.065629353	0.076311690
0.062051178	0.074146392
0.058505455	0.071928355
0.054993624	0.069657041
0.051517415	0.067331579
0.048078927	0.064950701
0.044680716	0.062512691
0.041325908	0.060015302
0.038018337	0.057455693
0.034762702	0.054830360
0.031564745	0.052135088
0.028431465	0.049364921
0.025371357	0.046514164
0.022394685	0.043576437
0.019513680	0.040544884
0.016742464	0.037412715
0.014096840	0.034173835
0.011594063	0.030823421
0.009252622	0.027358414
0.007092343	0.023777747
0.005137667	0.020080965
0.003424203	0.016266614
0.001999115	0.012335716
0.000915981	0.008297550
0.000230318	0.004173655
0.000000000	-0.000000000
0.000260254	-0.004172213
0.000939853	-0.008297175
0.002059576	-0.012324488
0.003650458	-0.016189633
0.005703927	-0.019830151
0.008187761	-0.023191816
0.011035766	-0.026252847
0.014088080	-0.029111158
0.017305805	-0.031782034
0.020666111	-0.034271299
0.024147660	-0.036588110
0.027731730	-0.038743066
0.031402506	-0.040746878
0.035146498	-0.042610425
0.038951937	-0.044345152
0.042808352	-0.045963499
0.046706425	-0.047478855
0.050638065	-0.048904944
0.054596446	-0.050255105
0.058576006	-0.051541555
0.062572406	-0.052774737
0.066582451	-0.053962819
0.070604035	-0.055111251
0.074636100	-0.056222328
0.086795707	-0.059314341
0.090870062	-0.060258605
0.094953894	-0.061161010
0.099046093	-0.062024698
0.103145474	-0.062853638
0.111361398	-0.064424077
0.123715814	-0.066613930
0.127839852	-0.067309956
0.136094811	-0.068660540
0.140225346	-0.069316920
0.144357740	-0.069961489
0.148491897	-0.070594657
0.152627731	-0.071216775
0.156765156	-0.071828220
0.169185888	-0.073604266
0.173328519	-0.074179390
0.181617311	-0.075303868
0.194065510	-0.076875045
0.198221448	-0.077344338
0.202381615	-0.077774479
0.206546299	-0.078158362
0.210715496	-0.078489580
0.219065819	-0.078975135
0.223245442	-0.079125460
0.260869726	-0.078330554
0.306861749	-0.078131430
0.327764552	-0.078741792
0.336128201	-0.078873291
0.382124404	-0.078162554
0.419717069	-0.076268122
0.423891341	-0.076008085
0.473944964	-0.072343236
0.478112978	-0.071997089
0.482280530	-0.071645419
0.486447622	-0.071288335
0.498946034	-0.070184267
0.511439646	-0.069027173
0.515602982	-0.068628683
0.528089080	-0.067393153
0.536409695	-0.066535278
0.548884766	-0.065193013
0.565505308	-0.063287585
0.573810021	-0.062287418
0.582111872	-0.061263745
0.590411759	-0.060224269
0.627748287	-0.055444386
0.636042620	-0.054361478
0.640189413	-0.053817172
0.648482386	-0.052723894
0.660920904	-0.051076856
0.669213100	-0.049977694
0.677505451	-0.048879712
0.681651719	-0.048331421
0.689944452	-0.047236323
0.694090907	-0.046689447
0.698237412	-0.046142942
0.702383956	-0.045596738
0.706530531	-0.045050773
0.718970396	-0.043413937
0.727263785	-0.042323819
0.731410565	-0.041779409
0.739704415	-0.040692809
0.743851534	-0.040150987
0.747998805	-0.039610332
0.756293814	-0.038532615
0.760441522	-0.037995318
0.781179574	-0.035305110
0.785326294	-0.034760248
0.789472388	-0.034210641
0.793617712	-0.033655262
0.797762135	-0.033093190
0.801905534	-0.032523630
0.810188853	-0.031359504
0.814328604	-0.030764008
0.822604009	-0.029544902
0.826739608	-0.028921224
0.830873805	-0.028288315
0.835006624	-0.027646473
0.839138113	-0.026996122
0.851525368	-0.024999856
0.855652383	-0.024321694
0.859778555	-0.023638416
0.863904000	-0.022950764
0.868028831	-0.022259435
0.872153148	-0.021565049
0.876277040	-0.020868146
0.884523848	-0.019468569
0.896892473	-0.017359873
0.901015098	-0.016655511
0.905137654	-0.015950746
0.909260170	-0.015245741
0.913382671	-0.014540652
0.917505184	-0.013835634
0.921627736	-0.013130847
0.929873076	-0.011722644
0.938118927	-0.010317443
0.946365532	-0.008916670
0.950489189	-0.008218376
0.954613120	-0.007521696
0.958737348	-0.006826782
0.966986787	-0.005442801
0.979363667	-0.003383121
0.987616900	-0.002021943
0.995871844	-0.000671187
