coord_length: 1762.8937257706893
0.990718920	0.002903241
0.986582380	0.003432405
0.982445194	0.003955713
0.978307381	0.004474036
0.974169038	0.004988115
0.961751915	0.006513392
0.957612690	0.007020320
0.953473768	0.007529712
0.941063006	0.009105632
0.932800797	0.010243906
0.924557347	0.011510470
0.920445124	0.012203039
0.916339400	0.012933168
0.908143833	0.014479946
0.904051483	0.015281704
0.899961045	0.016093169
0.895871315	0.016908195
0.891781198	0.017721276
0.887689740	0.018527577
0.883596179	0.019323131
0.879500150	0.020105878
0.875401930	0.020877074
0.867202456	0.022403267
0.863103235	0.023169131
0.859005331	0.023942004
0.850814367	0.025513200
0.846721161	0.026310580
0.842629159	0.027114124
0.838538115	0.027922528
0.834447856	0.028734895
0.830358283	0.029550708
0.814006023	0.032844030
0.805832868	0.034505406
0.801746859	0.035338885
0.793576021	0.037011619
0.785407239	0.038694365
0.781323885	0.039540757
0.773159849	0.041246370
0.769079381	0.042106570
0.760921907	0.043843296
0.756844936	0.044719914
0.752769102	0.045601807
0.748694339	0.046488638
0.744620562	0.047379984
0.740547670	0.048275366
0.736475559	0.049174292
0.724262954	0.051887900
0.720193075	0.052796883
0.712054506	0.054620157
0.707985771	0.055534242
0.703917397	0.056449937
0.691714702	0.059207769
0.683582128	0.061057600
0.679516854	0.061986957
0.675452394	0.062919867
0.671388856	0.063856787
0.667326344	0.064798145
0.663264950	0.065744317
0.651088061	0.068613917
0.647031558	0.069580840
0.642976200	0.070552556
0.638921881	0.071528595
0.634868461	0.072508362
0.626763634	0.074476207
0.618660170	0.076449658
0.610556357	0.078421676
0.606503795	0.079404986
0.602450552	0.080385487
0.598396489	0.081362594
0.594341517	0.082335918
0.569993473	0.088099353
0.557809674	0.090939496
0.553746808	0.091879326
0.549682972	0.092814952
0.541551914	0.094671425
0.537484465	0.095591217
0.533415612	0.096504774
0.529345286	0.097411753
0.525273439	0.098311873
0.521200023	0.099204864
0.517124979	0.100090401
0.513048230	0.100968049
0.508969662	0.101837208
0.504889128	0.102697088
0.496721472	0.104385243
0.492634008	0.105211551
0.484451125	0.106824251
0.476257198	0.108379853
0.463945921	0.110603009
0.459837084	0.111315469
0.455725934	0.112014459
0.443380075	0.114036893
0.439261069	0.114687996
0.435140342	0.115328120
0.431017944	0.115957397
0.426893929	0.116575981
0.422768370	0.117184186
0.418641381	0.117782616
0.414513134	0.118372299
0.410383848	0.118954672
0.406253757	0.119531301
0.389727458	0.121794826
0.385593655	0.122344209
0.381457993	0.122879409
0.377319745	0.123394201
0.373178282	0.123882441
0.369033246	0.124339325
0.364884547	0.124761637
0.352417986	0.125803903
0.335761182	0.126680947
0.331593428	0.126822075
0.277386786	0.126893900
0.252380276	0.126102678
0.231581242	0.124647005
0.214982971	0.122997325
0.194321495	0.120205932
0.190205126	0.119538446
0.181992244	0.118086863
0.177896740	0.117301457
0.173809187	0.116475666
0.169730068	0.115609178
0.165659852	0.114701787
0.161598998	0.113753382
0.153507155	0.111733401
0.149477040	0.110661865
0.145458044	0.109549355
0.141450606	0.108395904
0.137455177	0.107201521
0.133472225	0.105966165
0.129502247	0.104689733
0.125545771	0.103372048
0.121603365	0.102012845
0.117675648	0.100611761
0.113763299	0.099168323
0.109867065	0.097681936
0.105987777	0.096151872
0.102126359	0.094577258
0.098283843	0.092957066
0.094461387	0.091290102
0.090660290	0.089574998
0.086881996	0.087810234
0.083128070	0.085994216
0.079400159	0.084125381
0.075699950	0.082202287
0.072029108	0.080223715
0.068389226	0.078188755
0.064781746	0.076096893
0.057668576	0.071742858
0.054164329	0.069482313
0.050695225	0.067168195
0.047261258	0.064802247
0.043863445	0.062384671
0.040505084	0.059912596
0.037192028	0.057380150
0.033931474	0.054780482
0.030730713	0.052107568
0.027596999	0.049356379
0.024538085	0.046522287
0.021562811	0.043600545
0.018681677	0.040585975
0.015907425	0.037472819
0.013255754	0.034254687
0.010746197	0.030924640
0.006257910	0.023900227
0.004351795	0.020192187
0.002736328	0.016348943
0.001463517	0.012379332
0.000572528	0.008307146
0.000000000	-0.000000000
0.000331992	-0.004155136
0.001115352	-0.008248530
0.002418930	-0.012206263
0.004254454	-0.015947106
0.006570769	-0.019411260
0.009314562	-0.022547743
0.012375195	-0.025379200
0.015579404	-0.028047481
0.018907238	-0.030559962
0.022345031	-0.032919826
0.025880069	-0.035131432
0.029500584	-0.037200217
0.033195800	-0.039132484
0.036955922	-0.040935266
0.040772038	-0.042616349
0.048540353	-0.045649087
0.052478261	-0.047021068
0.056443833	-0.048310970
0.060432330	-0.049528189
0.068464283	-0.051773941
0.072502698	-0.052813715
0.076553571	-0.053803860
0.080615447	-0.054747866
0.084687069	-0.055648924
0.088767286	-0.056510240
0.092854981	-0.057335348
0.101048228	-0.058894296
0.109257747	-0.060365368
0.113366158	-0.061080286
0.117476063	-0.061786570
0.121587082	-0.062486344
0.133926856	-0.064545712
0.150403636	-0.067144657
0.154528260	-0.067759165
0.162784056	-0.068943293
0.166915145	-0.069512724
0.179322248	-0.071116676
0.183463411	-0.071607467
0.187607824	-0.072069981
0.195907364	-0.072892424
0.204221608	-0.073549091
0.208383822	-0.073805841
0.220885151	-0.074262877
0.250061961	-0.073462593
0.312594698	-0.074018536
0.375139627	-0.073900742
0.391811961	-0.073377991
0.404312282	-0.072875272
0.408478244	-0.072688423
0.420973678	-0.072075964
0.437628514	-0.071149791
0.454276526	-0.070108055
0.462597926	-0.069546898
0.466757969	-0.069256739
0.470917574	-0.068960343
0.479235471	-0.068349460
0.483393773	-0.068035321
0.495866132	-0.067059883
0.512489853	-0.065683719
0.516644625	-0.065325910
0.520798909	-0.064962474
0.533258693	-0.063837761
0.537410770	-0.063451011
0.549863588	-0.062251655
0.558161912	-0.061415968
0.562309886	-0.060986475
0.570603396	-0.060104288
0.574748973	-0.059652233
0.583038038	-0.058729202
0.595467855	-0.057311097
0.607895987	-0.055878278
0.616181677	-0.054925394
0.620324633	-0.054449922
0.628610292	-0.053496779
0.636894644	-0.052532342
0.641036029	-0.052043374
0.645176839	-0.051549561
0.649317118	-0.051051317
0.653456944	-0.050549322
0.661735559	-0.049536823
0.670013234	-0.048516658
0.678290361	-0.047492052
0.682428802	-0.046978764
0.707258607	-0.043892262
0.719673062	-0.042345410
0.723811172	-0.041829456
0.732087452	-0.040798033
0.736225701	-0.040283198
0.740364095	-0.039769537
0.748641582	-0.038747848
0.752780790	-0.038240784
0.756920362	-0.037736695
0.761060306	-0.037235677
0.781763337	-0.034758089
0.798321013	-0.032736866
0.802458499	-0.032215937
0.814864291	-0.030601267
0.818996897	-0.030042950
0.823127936	-0.029473155
0.827257267	-0.028891120
0.843755787	-0.026433930
0.851994051	-0.025133353
0.856110878	-0.024468604
0.864340836	-0.023116433
0.872566950	-0.021741057
0.876678892	-0.021046733
0.880790230	-0.020348836
0.884901048	-0.019647883
0.889011420	-0.018944321
0.897231091	-0.017530937
0.901340512	-0.016821844
0.905449739	-0.016111623
0.913667841	-0.014689145
0.917776825	-0.013977522
0.921885832	-0.013266029
0.925994906	-0.012554924
0.930104086	-0.011844432
0.934213407	-0.011134753
0.938322898	-0.010426060
0.946542491	-0.009012227
0.950652637	-0.008307346
0.954763043	-0.007603978
0.958873726	-0.006902233
0.962984704	-0.006202219
0.967095995	-0.005504049
0.971207619	-0.004807841
0.975319597	-0.004113722
0.979431948	-0.003421824
0.987657857	-0.002045212
0.991771452	-0.001360743
1.000000000	-0.000000000
