coord_length: 1723.2833119768288
1.000000000	0.000000000
0.987599082	0.002735041
0.983473949	0.003249826
0.971095716	0.004771124
0.966969038	0.005273325
0.958715556	0.006276692
0.950463506	0.007291739
0.946339000	0.007811463
0.938096393	0.008900294
0.933980354	0.009483229
0.929869565	0.010102063
0.925765300	0.010762758
0.921668381	0.011467577
0.917578759	0.012213594
0.913495403	0.012993213
0.905340023	0.014610706
0.897186420	0.016237173
0.893106874	0.017036531
0.889024829	0.017823019
0.884940382	0.018596946
0.872678420	0.020872732
0.868590640	0.021628859
0.864503557	0.022388748
0.860417483	0.023154037
0.856332587	0.023925595
0.844085066	0.026277837
0.840004592	0.027072451
0.835924850	0.027870810
0.823688344	0.030279751
0.819610066	0.031085558
0.815532010	0.031892484
0.807376691	0.033510346
0.803299565	0.034321960
0.795146860	0.035952938
0.791071504	0.036773393
0.782923338	0.038426893
0.778850719	0.039260831
0.774779172	0.040099982
0.770708731	0.040944484
0.762571142	0.042649275
0.750372250	0.045241954
0.746307661	0.046114190
0.742243805	0.046989832
0.738180623	0.047868594
0.725994725	0.050521690
0.705696305	0.054995576
0.701638430	0.055898531
0.697581235	0.056804537
0.693524771	0.057713806
0.689469095	0.058626585
0.685414273	0.059543154
0.681360382	0.060463825
0.677307501	0.061388938
0.673255715	0.062318833
0.665155714	0.064194107
0.661107591	0.065139817
0.657060725	0.066090897
0.653015074	0.067047129
0.648970558	0.068008152
0.636842595	0.070914613
0.632801286	0.071889031
0.628760355	0.072865021
0.624719620	0.073841819
0.620678898	0.074818672
0.616638016	0.075794864
0.612596816	0.076769738
0.608555160	0.077742716
0.604512933	0.078713324
0.600470050	0.079681193
0.596426446	0.080646047
0.592382078	0.081607691
0.588336917	0.082565995
0.584290947	0.083520878
0.580244161	0.084472298
0.576196558	0.085420234
0.572148137	0.086364672
0.564048833	0.088242957
0.559997929	0.089176687
0.555946160	0.090106657
0.551893486	0.091032676
0.547839851	0.091954475
0.543785177	0.092871698
0.539729373	0.093783906
0.527554081	0.096485215
0.523492636	0.097371970
0.519429492	0.098250905
0.511297694	0.099983085
0.503157930	0.101677432
0.499084826	0.102508990
0.495009429	0.103329236
0.490931610	0.104137353
0.486851216	0.104932369
0.482768072	0.105713128
0.478681991	0.106478370
0.470500630	0.107958789
0.466405474	0.108673878
0.454104700	0.110729279
0.450000136	0.111388232
0.445893704	0.112035441
0.441785496	0.112671280
0.429450955	0.114513402
0.425336481	0.115107349
0.421220821	0.115693020
0.417104260	0.116272334
0.412987159	0.116847788
0.404752784	0.117997476
0.392403615	0.119739046
0.384170069	0.120894631
0.380051328	0.121458213
0.371806318	0.122528635
0.367678827	0.123024030
0.346984909	0.124954216
0.342836617	0.125224842
0.330379959	0.125823883
0.326225015	0.125958187
0.238972473	0.124107186
0.234826471	0.123803411
0.226541301	0.123109511
0.222402698	0.122717644
0.218267132	0.122294924
0.214134890	0.121840866
0.210006257	0.121355095
0.205881517	0.120837301
0.201760964	0.120287182
0.197644904	0.119704399
0.193533666	0.119088528
0.189427605	0.118439030
0.185327113	0.117755264
0.173063396	0.115490933
0.168989663	0.114662531
0.164923865	0.113796026
0.160866536	0.112890692
0.156818229	0.111945840
0.148750972	0.109934942
0.144733218	0.108867622
0.140726879	0.107758225
0.136732610	0.106606130
0.132751093	0.105410710
0.124829229	0.102887253
0.120890447	0.101557788
0.116967565	0.100182118
0.113061515	0.098759361
0.109173300	0.097288567
0.105303985	0.095768752
0.101454681	0.094198946
0.097626530	0.092578244
0.093820679	0.090905850
0.086280357	0.087403602
0.082547989	0.085573080
0.078842066	0.083689594
0.075163370	0.081753470
0.071512511	0.079765350
0.067889898	0.077726214
0.064295697	0.075637406
0.060729828	0.073500585
0.057192090	0.071317501
0.053682349	0.069089685
0.050200744	0.066818149
0.046747921	0.064503098
0.043325276	0.062143665
0.039935268	0.059737584
0.036582355	0.057280094
0.033274725	0.054762023
0.030024581	0.052170240
0.026846572	0.049490564
0.023755749	0.046710847
0.020765851	0.043822907
0.017889504	0.040821905
0.015139471	0.037704796
0.012530243	0.034468974
0.010080437	0.031110938
0.007816263	0.027625202
0.005775226	0.024004536
0.004002650	0.020245405
0.002537486	0.016356308
0.001402432	0.012358404
0.000599265	0.008280738
0.000113068	0.004153106
0.000000000	-0.000000000
0.000407558	-0.004134103
0.001386322	-0.008170456
0.002964434	-0.012012018
0.005091634	-0.015579616
0.007683397	-0.018826087
0.010673319	-0.021710235
0.013898825	-0.024332314
0.017228976	-0.026820171
0.020655131	-0.029174092
0.024168958	-0.031395050
0.031427764	-0.035445661
0.035157433	-0.037281328
0.038944128	-0.038996326
0.042780888	-0.040596239
0.046661212	-0.042087447
0.050579147	-0.043476890
0.062508263	-0.047107266
0.066529346	-0.048161844
0.070567264	-0.049150044
0.078683275	-0.050953680
0.082756988	-0.051782156
0.086838674	-0.052570445
0.103214761	-0.055455124
0.119617383	-0.058186556
0.123718561	-0.058866276
0.127820354	-0.059542265
0.131923159	-0.060212088
0.136027354	-0.060873336
0.140133290	-0.061523685
0.148351592	-0.062783011
0.152464466	-0.063387924
0.156580103	-0.063973732
0.160698680	-0.064538497
0.173073423	-0.066086440
0.181339946	-0.066975238
0.185478252	-0.067370204
0.197912019	-0.068332672
0.310112426	-0.069346115
0.322581432	-0.069586404
0.389088076	-0.069037306
0.414014233	-0.068133512
0.455526954	-0.065939828
0.467972847	-0.065143247
0.476268094	-0.064581517
0.496999402	-0.063080411
0.521865471	-0.061126658
0.534294321	-0.060097740
0.538436621	-0.059746990
0.546720089	-0.059032268
0.559141830	-0.057920869
0.563281317	-0.057538358
0.567420210	-0.057149459
0.571558502	-0.056754226
0.579833397	-0.055946278
0.588106516	-0.055120335
0.592242673	-0.054703344
0.600514783	-0.053867345
0.604650958	-0.053450532
0.621197896	-0.051805675
0.629472295	-0.050992647
0.633609287	-0.050584026
0.641881990	-0.049753933
0.646017438	-0.049329973
0.650152174	-0.048899128
0.654286161	-0.048461154
0.658419395	-0.048016124
0.662551899	-0.047564366
0.674945610	-0.046174826
0.679075846	-0.045702779
0.683205724	-0.045227612
0.687335319	-0.044750000
0.691464690	-0.044270444
0.695593869	-0.043789238
0.699722868	-0.043306492
0.703851683	-0.042822184
0.707980304	-0.042336215
0.712108715	-0.041848468
0.724492641	-0.040374209
0.728620243	-0.039879661
0.732747747	-0.039384290
0.745130556	-0.037900680
0.749258587	-0.037409723
0.753386984	-0.036921861
0.757515819	-0.036437719
0.761645140	-0.035957735
0.769905276	-0.035010718
0.778167086	-0.034078424
0.790560752	-0.032688416
0.798821954	-0.031750746
0.802951727	-0.031274670
0.823586191	-0.028773468
0.827709044	-0.028240788
0.831830164	-0.027694865
0.835949408	-0.027134968
0.844181840	-0.025971581
0.848294914	-0.025368025
0.856514876	-0.024119547
0.860621949	-0.023476416
0.864727272	-0.022822211
0.868831025	-0.022158224
0.877034604	-0.020806217
0.881134824	-0.020120746
0.885234238	-0.019430472
0.889333001	-0.018736341
0.897529086	-0.017339601
0.901626619	-0.016638243
0.909821065	-0.015231918
0.913918100	-0.014527659
0.922112023	-0.013118284
0.930305983	-0.011709130
0.934403057	-0.011005099
0.938500239	-0.010301693
0.942597566	-0.009599140
0.950792854	-0.008197727
0.954890928	-0.007499538
0.967187526	-0.005418984
0.971287313	-0.004730929
0.979488375	-0.003363712
0.987691451	-0.002008638
0.991793759	-0.001335776
0.995896599	-0.000666167
